Lathraea_squamaria	OK	SUPER_2	34475395-34475723	+	2.60e-45	AATAACCCTAAACCGAACTATGTGACATAGTAGATCTCAGAGGGTGG
Lathraea_squamaria	OK	SUPER_3	4154833-4154992	+	5.80e-12	GAGGGTGG
