NP_001105870.1	SUPER_1	36.637	333	167	4	513	802	62876852	62875857	2.51e-50	201	1188	98533439	53
NP_001105870.1	SUPER_1	44.324	185	87	2	841	1009	62875314	62874760	6.13e-30	134	1188	98533439	53
NP_001105870.1	SUPER_1	49.485	97	47	2	1007	1101	62873224	62872934	1.06e-19	100	1188	98533439	53
NP_001105870.1	SUPER_1	49.315	73	36	1	1116	1188	62872560	62872345	2.66e-08	63.2	1188	98533439	53
sp|Q8LKW0.2|TERT_ORYSJ	SUPER_1	34.722	360	184	6	578	888	62876870	62875797	2.19e-49	198	1259	98533439	49
sp|Q8LKW0.2|TERT_ORYSJ	SUPER_1	48.108	185	80	3	912	1080	62875314	62874760	9.19e-34	147	1259	98533439	49
sp|Q8LKW0.2|TERT_ORYSJ	SUPER_1	58.667	75	30	1	1078	1151	62873224	62873000	4.66e-19	98.6	1259	98533439	49
sp|Q8LKW0.2|TERT_ORYSJ	SUPER_1	53.623	69	31	1	1191	1259	62872548	62872345	2.40e-07	60.1	1259	98533439	49
sp|Q9SPU7.1|TERT_ARATH	SUPER_1	46.486	185	92	1	765	942	62875314	62874760	1.27e-46	188	1123	98533439	61
sp|Q9SPU7.1|TERT_ARATH	SUPER_1	33.602	372	193	7	447	764	62876852	62875737	1.64e-46	188	1123	98533439	61
sp|Q9SPU7.1|TERT_ARATH	SUPER_1	48.980	98	50	0	940	1037	62873224	62872931	1.66e-22	109	1123	98533439	61
sp|Q9SPU7.1|TERT_ARATH	SUPER_1	33.673	98	63	2	7	102	62891730	62891437	1.53e-06	57.4	1123	98533439	61
XP_016496114.1	SUPER_1	44.297	377	170	4	499	836	62876930	62875803	9.04e-83	303	1228	98533439	64
XP_016496114.1	SUPER_1	51.546	194	79	3	860	1047	62875314	62874760	9.18e-44	179	1228	98533439	64
XP_016496114.1	SUPER_1	54.737	95	43	0	1045	1139	62873224	62872940	4.42e-26	121	1228	98533439	64
XP_016496114.1	SUPER_1	37.624	101	53	4	7	101	62891727	62891437	2.59e-09	66.6	1228	98533439	64
XP_016496114.1	SUPER_1	53.425	73	33	1	1156	1228	62872560	62872345	3.04e-06	56.6	1228	98533439	64
XP_070031847.1	SUPER_1	44.476	353	164	2	468	788	62876861	62875803	1.22e-79	293	1180	98533439	68
XP_070031847.1	SUPER_1	52.660	188	86	1	812	999	62875314	62874760	1.10e-44	182	1180	98533439	68
XP_070031847.1	SUPER_1	54.737	95	43	0	997	1091	62873224	62872940	6.42e-26	121	1180	98533439	68
XP_070031847.1	SUPER_1	39.000	100	53	4	6	100	62891730	62891440	1.60e-09	67.0	1180	98533439	68
XP_070031847.1	SUPER_1	53.425	73	33	1	1108	1180	62872560	62872345	5.53e-07	58.9	1180	98533439	68
XP_070031847.1	SUPER_1	57.143	35	15	0	381	415	62879734	62879630	8.72e-05	51.6	1180	98533439	68
XP_033514372.1	SUPER_1	44.476	353	164	2	304	624	62876861	62875803	8.49e-81	293	1016	98533439	70
XP_033514372.1	SUPER_1	52.660	188	86	1	648	835	62875314	62874760	7.39e-45	182	1016	98533439	70
XP_033514372.1	SUPER_1	54.737	95	43	0	833	927	62873224	62872940	2.74e-26	122	1016	98533439	70
XP_033514372.1	SUPER_1	53.425	73	33	1	944	1016	62872560	62872345	3.96e-07	58.9	1016	98533439	70
XP_033514372.1	SUPER_1	57.143	35	15	0	217	251	62879734	62879630	3.58e-05	52.8	1016	98533439	70
XP_009765715.1	SUPER_1	44.297	377	170	4	311	648	62876930	62875803	5.66e-84	304	1040	98533439	66
XP_009765715.1	SUPER_1	51.546	194	79	3	672	859	62875314	62874760	6.18e-44	179	1040	98533439	66
XP_009765715.1	SUPER_1	54.737	95	43	0	857	951	62873224	62872940	3.84e-26	121	1040	98533439	66
XP_009765715.1	SUPER_1	53.425	73	33	1	968	1040	62872560	62872345	2.35e-06	56.6	1040	98533439	66
XP_009765713.1	SUPER_1	44.297	377	170	4	342	679	62876930	62875803	7.50e-84	304	1071	98533439	65
XP_009765713.1	SUPER_1	51.546	194	79	3	703	890	62875314	62874760	7.11e-44	179	1071	98533439	65
XP_009765713.1	SUPER_1	54.737	95	43	0	888	982	62873224	62872940	4.09e-26	121	1071	98533439	65
XP_009765713.1	SUPER_1	53.425	73	33	1	999	1071	62872560	62872345	2.21e-06	56.6	1071	98533439	65
XP_009765710.1	SUPER_1	44.297	377	170	4	530	867	62876930	62875803	1.28e-82	303	1259	98533439	62
XP_009765710.1	SUPER_1	51.546	194	79	3	891	1078	62875314	62874760	8.50e-44	179	1259	98533439	62
XP_009765710.1	SUPER_1	54.737	95	43	0	1076	1170	62873224	62872940	8.62e-26	120	1259	98533439	62
XP_009765710.1	SUPER_1	37.624	101	53	4	7	101	62891727	62891437	2.82e-09	66.6	1259	98533439	62
XP_009765710.1	SUPER_1	53.425	73	33	1	1187	1259	62872560	62872345	3.01e-06	56.6	1259	98533439	62
XP_009612033.1	SUPER_1	44.476	353	164	2	273	593	62876861	62875803	6.35e-81	293	985	98533439	72
XP_009612033.1	SUPER_1	52.660	188	86	1	617	804	62875314	62874760	6.58e-45	182	985	98533439	72
XP_009612033.1	SUPER_1	54.737	95	43	0	802	896	62873224	62872940	2.74e-26	121	985	98533439	72
XP_009612033.1	SUPER_1	53.425	73	33	1	913	985	62872560	62872345	4.89e-07	58.5	985	98533439	72
XP_009612033.1	SUPER_1	57.143	35	15	0	186	220	62879734	62879630	4.25e-05	52.4	985	98533439	72
XP_009612032.1	SUPER_1	44.476	353	164	2	278	598	62876861	62875803	8.22e-81	293	990	98533439	72
XP_009612032.1	SUPER_1	52.660	188	86	1	622	809	62875314	62874760	6.77e-45	182	990	98533439	72
XP_009612032.1	SUPER_1	54.737	95	43	0	807	901	62873224	62872940	2.86e-26	121	990	98533439	72
XP_009612032.1	SUPER_1	53.425	73	33	1	918	990	62872560	62872345	5.01e-07	58.5	990	98533439	72
XP_009612032.1	SUPER_1	57.143	35	15	0	191	225	62879734	62879630	4.53e-05	52.4	990	98533439	72
XP_009612029.1	SUPER_1	44.476	353	164	2	492	812	62876861	62875803	1.61e-79	293	1204	98533439	67
XP_009612029.1	SUPER_1	52.660	188	86	1	836	1023	62875314	62874760	1.10e-44	182	1204	98533439	67
XP_009612029.1	SUPER_1	54.737	95	43	0	1021	1115	62873224	62872940	6.33e-26	121	1204	98533439	67
XP_009612029.1	SUPER_1	38.614	101	54	4	6	101	62891730	62891437	1.24e-09	67.8	1204	98533439	67
XP_009612029.1	SUPER_1	53.425	73	33	1	1132	1204	62872560	62872345	5.39e-07	58.9	1204	98533439	67
XP_009612029.1	SUPER_1	57.143	35	15	0	405	439	62879734	62879630	8.79e-05	51.6	1204	98533439	67
XP_066162081.1	SUPER_1	34.722	360	184	6	459	769	62876870	62875797	4.21e-50	199	1140	98533439	54
XP_066162081.1	SUPER_1	48.108	185	80	3	793	961	62875314	62874760	5.17e-34	147	1140	98533439	54
XP_066162081.1	SUPER_1	58.667	75	30	1	959	1032	62873224	62873000	2.07e-19	99.8	1140	98533439	54
XP_066162081.1	SUPER_1	53.623	69	31	1	1072	1140	62872548	62872345	1.54e-07	60.5	1140	98533439	54
XP_015620288.1	SUPER_1	34.722	360	184	6	578	888	62876870	62875797	1.49e-49	198	1170	98533439	47
XP_015620288.1	SUPER_1	48.108	185	80	3	912	1080	62875314	62874760	6.20e-34	147	1170	98533439	47
XP_015620288.1	SUPER_1	53.623	69	31	1	1102	1170	62872548	62872345	1.88e-07	60.5	1170	98533439	47
NP_001410391.1	SUPER_1	34.722	360	184	6	578	888	62876870	62875797	2.19e-49	198	1259	98533439	49
NP_001410391.1	SUPER_1	48.108	185	80	3	912	1080	62875314	62874760	9.19e-34	147	1259	98533439	49
NP_001410391.1	SUPER_1	58.667	75	30	1	1078	1151	62873224	62873000	4.66e-19	98.6	1259	98533439	49
NP_001410391.1	SUPER_1	53.623	69	31	1	1191	1259	62872548	62872345	2.40e-07	60.1	1259	98533439	49
ANM68364.1	SUPER_1	46.486	185	92	1	765	942	62875314	62874760	3.13e-47	189	966	98533439	61
ANM68364.1	SUPER_1	33.602	372	193	7	447	764	62876852	62875737	5.42e-47	188	966	98533439	61
ANM68364.1	SUPER_1	33.673	98	63	2	7	102	62891730	62891437	1.43e-06	57.0	966	98533439	61
AED92349.1	SUPER_1	46.486	185	92	1	765	942	62875314	62874760	1.27e-46	188	1123	98533439	61
AED92349.1	SUPER_1	33.602	372	193	7	447	764	62876852	62875737	1.64e-46	188	1123	98533439	61
AED92349.1	SUPER_1	48.980	98	50	0	940	1037	62873224	62872931	1.66e-22	109	1123	98533439	61
AED92349.1	SUPER_1	33.673	98	63	2	7	102	62891730	62891437	1.53e-06	57.4	1123	98533439	61
XP_024452488.2	SUPER_1	43.766	393	212	5	270	659	62876897	62875737	9.28e-83	300	1023	98533439	72
XP_024452488.2	SUPER_1	53.684	190	76	2	660	842	62875314	62874760	3.63e-48	192	1023	98533439	72
XP_024452488.2	SUPER_1	54.639	97	44	0	840	936	62873224	62872934	5.08e-26	120	1023	98533439	72
XP_024452488.2	SUPER_1	57.971	69	28	1	955	1023	62872548	62872345	6.93e-06	55.1	1023	98533439	72
XP_024452486.2	SUPER_1	43.766	393	212	5	466	855	62876897	62875737	6.11e-82	301	1219	98533439	60
XP_024452486.2	SUPER_1	53.684	190	76	2	856	1038	62875314	62874760	3.22e-48	194	1219	98533439	60
XP_024452486.2	SUPER_1	54.639	97	44	0	1036	1132	62873224	62872934	6.16e-26	121	1219	98533439	60
XP_024452486.2	SUPER_1	57.971	69	28	1	1151	1219	62872548	62872345	7.86e-06	55.1	1219	98533439	60
XP_024452485.2	SUPER_1	43.766	393	212	5	468	857	62876897	62875737	6.09e-82	301	1221	98533439	60
XP_024452485.2	SUPER_1	53.684	190	76	2	858	1040	62875314	62874760	3.16e-48	194	1221	98533439	60
XP_024452485.2	SUPER_1	54.639	97	44	0	1038	1134	62873224	62872934	5.97e-26	121	1221	98533439	60
XP_024452485.2	SUPER_1	57.971	69	28	1	1153	1221	62872548	62872345	7.81e-06	55.1	1221	98533439	60
XP_052138365.1	SUPER_1	35.000	360	183	6	61	371	62876870	62875797	1.95e-51	199	742	98533439	84
XP_052138365.1	SUPER_1	48.108	185	80	3	395	563	62875314	62874760	3.48e-34	145	742	98533439	84
XP_052138365.1	SUPER_1	58.667	75	30	1	561	634	62873224	62873000	8.88e-20	99.8	742	98533439	84
XP_052138365.1	SUPER_1	53.623	69	31	1	674	742	62872548	62872345	2.98e-07	58.9	742	98533439	84
XP_052138362.1	SUPER_1	35.000	360	183	6	69	379	62876870	62875797	3.04e-51	198	750	98533439	83
XP_052138362.1	SUPER_1	48.108	185	80	3	403	571	62875314	62874760	4.01e-34	145	750	98533439	83
XP_052138362.1	SUPER_1	58.667	75	30	1	569	642	62873224	62873000	8.30e-20	99.8	750	98533439	83
XP_052138362.1	SUPER_1	53.623	69	31	1	682	750	62872548	62872345	3.10e-07	58.9	750	98533439	83
XP_052138361.1	SUPER_1	35.000	360	183	6	248	558	62876870	62875797	1.19e-51	202	929	98533439	67
XP_052138361.1	SUPER_1	48.108	185	80	3	582	750	62875314	62874760	2.67e-34	147	929	98533439	67
XP_052138361.1	SUPER_1	58.667	75	30	1	748	821	62873224	62873000	9.20e-20	100	929	98533439	67
XP_052138361.1	SUPER_1	53.623	69	31	1	861	929	62872548	62872345	1.17e-07	60.5	929	98533439	67
XP_052138360.1	SUPER_1	35.000	360	183	6	411	721	62876870	62875797	2.75e-49	196	1092	98533439	57
XP_052138360.1	SUPER_1	48.108	185	80	3	745	913	62875314	62874760	1.57e-33	145	1092	98533439	57
XP_052138360.1	SUPER_1	58.667	75	30	1	911	984	62873224	62873000	4.25e-19	98.6	1092	98533439	57
XP_052138360.1	SUPER_1	53.623	69	31	1	1024	1092	62872548	62872345	4.57e-07	58.9	1092	98533439	57
XP_052138359.1	SUPER_1	35.000	360	183	6	458	768	62876870	62875797	1.29e-50	201	1139	98533439	54
XP_052138359.1	SUPER_1	48.108	185	80	3	792	960	62875314	62874760	5.11e-34	147	1139	98533439	54
XP_052138359.1	SUPER_1	58.667	75	30	1	958	1031	62873224	62873000	1.93e-19	99.8	1139	98533439	54
XP_052138359.1	SUPER_1	53.623	69	31	1	1071	1139	62872548	62872345	1.82e-07	60.5	1139	98533439	54
XP_052138358.1	SUPER_1	35.000	360	183	6	577	887	62876870	62875797	4.92e-50	199	1169	98533439	47
XP_052138358.1	SUPER_1	48.108	185	80	3	911	1079	62875314	62874760	7.08e-34	147	1169	98533439	47
XP_052138358.1	SUPER_1	53.623	69	31	1	1101	1169	62872548	62872345	2.26e-07	60.1	1169	98533439	47
XP_052138357.1	SUPER_1	35.000	360	183	6	577	887	62876870	62875797	9.45e-50	199	1258	98533439	49
XP_052138357.1	SUPER_1	48.108	185	80	3	911	1079	62875314	62874760	1.02e-33	147	1258	98533439	49
XP_052138357.1	SUPER_1	58.667	75	30	1	1077	1150	62873224	62873000	4.32e-19	99.0	1258	98533439	49
XP_052138357.1	SUPER_1	53.623	69	31	1	1190	1258	62872548	62872345	2.79e-07	60.1	1258	98533439	49
KAI9397292.1	SUPER_1	43.766	393	212	5	466	855	62876897	62875737	6.11e-82	301	1219	98533439	60
KAI9397292.1	SUPER_1	53.684	190	76	2	856	1038	62875314	62874760	3.22e-48	194	1219	98533439	60
KAI9397292.1	SUPER_1	54.639	97	44	0	1036	1132	62873224	62872934	6.16e-26	121	1219	98533439	60
KAI9397292.1	SUPER_1	57.971	69	28	1	1151	1219	62872548	62872345	7.86e-06	55.1	1219	98533439	60
KAI9397291.1	SUPER_1	43.766	393	212	5	468	857	62876897	62875737	6.09e-82	301	1221	98533439	60
KAI9397291.1	SUPER_1	53.684	190	76	2	858	1040	62875314	62874760	3.16e-48	194	1221	98533439	60
KAI9397291.1	SUPER_1	54.639	97	44	0	1038	1134	62873224	62872934	5.97e-26	121	1221	98533439	60
KAI9397291.1	SUPER_1	57.971	69	28	1	1153	1221	62872548	62872345	7.81e-06	55.1	1221	98533439	60
NP_001330126.1	SUPER_1	46.486	185	92	1	765	942	62875314	62874760	3.13e-47	189	966	98533439	61
NP_001330126.1	SUPER_1	33.602	372	193	7	447	764	62876852	62875737	5.42e-47	188	966	98533439	61
NP_001330126.1	SUPER_1	33.673	98	63	2	7	102	62891730	62891437	1.43e-06	57.0	966	98533439	61
NP_197187.1	SUPER_1	46.486	185	92	1	765	942	62875314	62874760	1.27e-46	188	1123	98533439	61
NP_197187.1	SUPER_1	33.602	372	193	7	447	764	62876852	62875737	1.64e-46	188	1123	98533439	61
NP_197187.1	SUPER_1	48.980	98	50	0	940	1037	62873224	62872931	1.66e-22	109	1123	98533439	61
NP_197187.1	SUPER_1	33.673	98	63	2	7	102	62891730	62891437	1.53e-06	57.4	1123	98533439	61
XP_020399449.1	SUPER_1	36.637	333	167	4	491	780	62876852	62875857	2.30e-50	201	1166	98533439	54
XP_020399449.1	SUPER_1	44.324	185	87	2	819	987	62875314	62874760	5.80e-30	134	1166	98533439	54
XP_020399449.1	SUPER_1	49.485	97	47	2	985	1079	62873224	62872934	1.02e-19	100	1166	98533439	54
XP_020399449.1	SUPER_1	49.315	73	36	1	1094	1166	62872560	62872345	2.60e-08	63.2	1166	98533439	54
VYS67061.1	SUPER_1	46.486	185	92	1	765	942	62875314	62874760	1.27e-46	188	1123	98533439	61
VYS67061.1	SUPER_1	33.602	372	193	7	447	764	62876852	62875737	1.64e-46	188	1123	98533439	61
VYS67061.1	SUPER_1	48.980	98	50	0	940	1037	62873224	62872931	1.66e-22	109	1123	98533439	61
VYS67061.1	SUPER_1	33.673	98	63	2	7	102	62891730	62891437	1.53e-06	57.4	1123	98533439	61
XP_028550950.1	SUPER_1	39.031	351	192	5	309	650	62876852	62875839	5.72e-66	249	1105	98533439	67
XP_028550950.1	SUPER_1	41.250	240	86	4	686	925	62875314	62874760	4.58e-34	147	1105	98533439	67
XP_028550950.1	SUPER_1	44.898	98	54	0	923	1020	62873224	62872931	9.01e-17	90.9	1105	98533439	67
XP_028550950.1	SUPER_1	43.662	71	34	2	1038	1105	62872548	62872345	2.95e-07	59.7	1105	98533439	67
XP_028550949.1	SUPER_1	39.031	351	192	5	404	745	62876852	62875839	4.91e-66	251	1200	98533439	62
XP_028550949.1	SUPER_1	41.250	240	86	4	781	1020	62875314	62874760	5.94e-34	147	1200	98533439	62
XP_028550949.1	SUPER_1	44.898	98	54	0	1018	1115	62873224	62872931	9.97e-17	90.9	1200	98533439	62
XP_028550949.1	SUPER_1	43.662	71	34	2	1133	1200	62872548	62872345	1.96e-07	60.5	1200	98533439	62
XP_020672270.2	SUPER_1	39.031	351	192	5	422	763	62876852	62875839	5.70e-66	251	1218	98533439	61
XP_020672270.2	SUPER_1	41.250	240	86	4	799	1038	62875314	62874760	5.55e-34	147	1218	98533439	61
XP_020672270.2	SUPER_1	44.898	98	54	0	1036	1133	62873224	62872931	9.94e-17	90.9	1218	98533439	61
XP_020672270.2	SUPER_1	43.662	71	34	2	1151	1218	62872548	62872345	2.00e-07	60.5	1218	98533439	61
XP_024531885.1	SUPER_1	32.861	353	189	6	295	619	62876837	62875839	1.64e-49	196	1000	98533439	59
XP_024531885.1	SUPER_1	40.541	185	95	2	654	823	62875314	62874760	2.48e-29	131	1000	98533439	59
XP_024531885.1	SUPER_1	44.898	98	54	0	821	918	62873224	62872931	3.89e-18	95.1	1000	98533439	59
XP_024531884.1	SUPER_1	32.861	353	189	6	311	635	62876837	62875839	1.80e-49	196	1016	98533439	58
XP_024531884.1	SUPER_1	40.541	185	95	2	670	839	62875314	62874760	2.71e-29	131	1016	98533439	58
XP_024531884.1	SUPER_1	44.898	98	54	0	837	934	62873224	62872931	3.49e-18	95.5	1016	98533439	58
XP_024531883.1	SUPER_1	32.861	353	189	6	311	635	62876837	62875839	1.80e-49	196	1016	98533439	58
XP_024531883.1	SUPER_1	40.541	185	95	2	670	839	62875314	62874760	2.71e-29	131	1016	98533439	58
XP_024531883.1	SUPER_1	44.898	98	54	0	837	934	62873224	62872931	3.49e-18	95.5	1016	98533439	58
XP_024376607.1	SUPER_1	31.148	366	216	7	531	891	62876837	62875833	1.08e-43	179	1301	98533439	49
XP_024376607.1	SUPER_1	37.745	204	108	5	921	1123	62875317	62874760	2.12e-29	132	1301	98533439	49
XP_024376607.1	SUPER_1	46.154	78	42	0	1121	1198	62873224	62872991	2.48e-14	83.2	1301	98533439	49
XP_024376598.1	SUPER_1	31.148	366	216	7	532	892	62876837	62875833	1.07e-43	179	1302	98533439	49
XP_024376598.1	SUPER_1	37.745	204	108	5	922	1124	62875317	62874760	2.13e-29	132	1302	98533439	49
XP_024376598.1	SUPER_1	46.154	78	42	0	1122	1199	62873224	62872991	2.46e-14	83.2	1302	98533439	49
XP_024376588.1	SUPER_1	31.148	366	216	7	536	896	62876837	62875833	1.16e-43	179	1306	98533439	49
XP_024376588.1	SUPER_1	37.745	204	108	5	926	1128	62875317	62874760	2.19e-29	132	1306	98533439	49
XP_024376588.1	SUPER_1	46.154	78	42	0	1126	1203	62873224	62872991	2.49e-14	83.2	1306	98533439	49
XP_024376582.1	SUPER_1	31.148	366	216	7	537	897	62876837	62875833	1.09e-43	179	1307	98533439	49
XP_024376582.1	SUPER_1	37.745	204	108	5	927	1129	62875317	62874760	2.20e-29	132	1307	98533439	49
XP_024376582.1	SUPER_1	46.154	78	42	0	1127	1204	62873224	62872991	2.47e-14	83.2	1307	98533439	49
XP_024376576.1	SUPER_1	31.148	366	216	7	552	912	62876837	62875833	1.16e-43	179	1322	98533439	48
XP_024376576.1	SUPER_1	37.745	204	108	5	942	1144	62875317	62874760	2.52e-29	132	1322	98533439	48
XP_024376576.1	SUPER_1	46.154	78	42	0	1142	1219	62873224	62872991	2.64e-14	83.2	1322	98533439	48
XP_024376567.1	SUPER_1	31.148	366	216	7	558	918	62876837	62875833	1.19e-43	179	1328	98533439	48
XP_024376567.1	SUPER_1	37.745	204	108	5	948	1150	62875317	62874760	2.26e-29	132	1328	98533439	48
XP_024376567.1	SUPER_1	46.154	78	42	0	1148	1225	62873224	62872991	2.66e-14	83.2	1328	98533439	48
XP_024376557.1	SUPER_1	31.148	366	216	7	562	922	62876837	62875833	1.40e-43	179	1332	98533439	48
XP_024376557.1	SUPER_1	37.745	204	108	5	952	1154	62875317	62874760	2.45e-29	132	1332	98533439	48
XP_024376557.1	SUPER_1	46.154	78	42	0	1152	1229	62873224	62872991	2.67e-14	83.2	1332	98533439	48
XP_024376548.1	SUPER_1	31.148	366	216	7	563	923	62876837	62875833	1.29e-43	179	1333	98533439	48
XP_024376548.1	SUPER_1	37.745	204	108	5	953	1155	62875317	62874760	2.46e-29	132	1333	98533439	48
XP_024376548.1	SUPER_1	46.154	78	42	0	1153	1230	62873224	62872991	2.65e-14	83.2	1333	98533439	48
PKU78836.1	SUPER_1	35.690	297	169	5	1	288	62876690	62875839	6.08e-50	184	363	98533439	79
XP_021912651.1	SUPER_1	47.594	374	193	2	147	519	62876933	62875818	3.12e-92	326	932	98533439	78
XP_021912651.1	SUPER_1	50.794	189	89	2	542	730	62875314	62874760	1.46e-43	177	932	98533439	78
XP_021912651.1	SUPER_1	53.684	95	44	0	728	822	62873224	62872940	3.60e-24	114	932	98533439	78
XP_021912651.1	SUPER_1	41.667	48	28	0	44	91	62882144	62882001	3.20e-06	42.7	932	98533439	78
XP_021912651.1	SUPER_1	60.870	23	9	0	23	45	62882320	62882252	3.20e-06	32.3	932	98533439	78
XP_021912650.1	SUPER_1	47.594	374	193	2	368	740	62876933	62875818	1.57e-90	326	1153	98533439	71
XP_021912650.1	SUPER_1	50.794	189	89	2	763	951	62875314	62874760	1.66e-43	178	1153	98533439	71
XP_021912650.1	SUPER_1	53.684	95	44	0	949	1043	62873224	62872940	6.88e-24	114	1153	98533439	71
XP_021912650.1	SUPER_1	37.963	108	47	5	5	102	62891730	62891437	6.29e-08	62.0	1153	98533439	71
XP_021912650.1	SUPER_1	41.667	48	28	0	265	312	62882144	62882001	4.18e-06	42.4	1153	98533439	71
XP_021912650.1	SUPER_1	60.870	23	9	0	244	266	62882320	62882252	4.18e-06	32.3	1153	98533439	71
AQL06529.1	SUPER_1	36.637	333	167	4	60	349	62876852	62875857	1.46e-51	199	735	98533439	85
AQL06529.1	SUPER_1	44.324	185	87	2	388	556	62875314	62874760	2.33e-30	133	735	98533439	85
AQL06529.1	SUPER_1	49.485	97	47	2	554	648	62873224	62872934	4.45e-20	100	735	98533439	85
AQL06529.1	SUPER_1	49.315	73	36	1	663	735	62872560	62872345	3.54e-08	62.0	735	98533439	85
AQL06528.1	SUPER_1	34.234	333	155	5	91	360	62876852	62875857	8.09e-45	177	657	98533439	78
AQL06528.1	SUPER_1	44.324	185	87	2	399	567	62875314	62874760	1.41e-30	133	657	98533439	78
AQL06528.1	SUPER_1	49.315	73	36	1	585	657	62872560	62872345	2.67e-08	62.0	657	98533439	78
AQL06526.1	SUPER_1	36.637	333	167	4	491	780	62876852	62875857	2.30e-50	201	1166	98533439	54
AQL06526.1	SUPER_1	44.324	185	87	2	819	987	62875314	62874760	5.80e-30	134	1166	98533439	54
AQL06526.1	SUPER_1	49.485	97	47	2	985	1079	62873224	62872934	1.02e-19	100	1166	98533439	54
AQL06526.1	SUPER_1	49.315	73	36	1	1094	1166	62872560	62872345	2.60e-08	63.2	1166	98533439	54
AQL06525.1	SUPER_1	36.637	333	167	4	350	639	62876852	62875857	6.49e-50	198	1025	98533439	61
AQL06525.1	SUPER_1	44.324	185	87	2	678	846	62875314	62874760	1.01e-29	133	1025	98533439	61
AQL06525.1	SUPER_1	49.485	97	47	2	844	938	62873224	62872934	1.08e-19	100	1025	98533439	61
AQL06525.1	SUPER_1	49.315	73	36	1	953	1025	62872560	62872345	3.99e-08	62.4	1025	98533439	61
AQL06524.1	SUPER_1	34.234	333	155	5	91	360	62876852	62875857	8.09e-45	177	657	98533439	78
AQL06524.1	SUPER_1	44.324	185	87	2	399	567	62875314	62874760	1.41e-30	133	657	98533439	78
AQL06524.1	SUPER_1	49.315	73	36	1	585	657	62872560	62872345	2.67e-08	62.0	657	98533439	78
AQL06523.1	SUPER_1	36.637	333	167	4	486	775	62876852	62875857	2.61e-50	200	1161	98533439	54
AQL06523.1	SUPER_1	44.324	185	87	2	814	982	62875314	62874760	5.74e-30	134	1161	98533439	54
AQL06523.1	SUPER_1	49.485	97	47	2	980	1074	62873224	62872934	9.89e-20	100	1161	98533439	54
AQL06523.1	SUPER_1	49.315	73	36	1	1089	1161	62872560	62872345	2.60e-08	63.2	1161	98533439	54
AQL06522.1	SUPER_1	36.637	333	167	4	513	802	62876852	62875857	2.51e-50	201	1188	98533439	53
AQL06522.1	SUPER_1	44.324	185	87	2	841	1009	62875314	62874760	6.13e-30	134	1188	98533439	53
AQL06522.1	SUPER_1	49.485	97	47	2	1007	1101	62873224	62872934	1.06e-19	100	1188	98533439	53
AQL06522.1	SUPER_1	49.315	73	36	1	1116	1188	62872560	62872345	2.66e-08	63.2	1188	98533439	53
AQL06521.1	SUPER_1	34.234	333	155	5	91	360	62876852	62875857	8.09e-45	177	657	98533439	78
AQL06521.1	SUPER_1	44.324	185	87	2	399	567	62875314	62874760	1.41e-30	133	657	98533439	78
AQL06521.1	SUPER_1	49.315	73	36	1	585	657	62872560	62872345	2.67e-08	62.0	657	98533439	78
AQL06520.1	SUPER_1	36.637	333	167	4	508	797	62876852	62875857	2.19e-50	201	1183	98533439	53
AQL06520.1	SUPER_1	44.324	185	87	2	836	1004	62875314	62874760	6.18e-30	134	1183	98533439	53
AQL06520.1	SUPER_1	49.485	97	47	2	1002	1096	62873224	62872934	8.12e-20	100	1183	98533439	53
AQL06520.1	SUPER_1	49.315	73	36	1	1111	1183	62872560	62872345	2.65e-08	63.2	1183	98533439	53
AQL06519.1	SUPER_1	36.637	333	167	4	60	349	62876852	62875857	1.46e-51	199	735	98533439	85
AQL06519.1	SUPER_1	44.324	185	87	2	388	556	62875314	62874760	2.33e-30	133	735	98533439	85
AQL06519.1	SUPER_1	49.485	97	47	2	554	648	62873224	62872934	4.45e-20	100	735	98533439	85
AQL06519.1	SUPER_1	49.315	73	36	1	663	735	62872560	62872345	3.54e-08	62.0	735	98533439	85
AQL06518.1	SUPER_1	34.234	333	155	5	91	360	62876852	62875857	8.09e-45	177	657	98533439	78
AQL06518.1	SUPER_1	44.324	185	87	2	399	567	62875314	62874760	1.41e-30	133	657	98533439	78
AQL06518.1	SUPER_1	49.315	73	36	1	585	657	62872560	62872345	2.67e-08	62.0	657	98533439	78
AAX21526.1	SUPER_1	44.324	185	87	2	13	181	62875314	62874760	1.72e-32	132	334	98533439	78
AAX21526.1	SUPER_1	49.485	97	47	2	179	273	62873224	62872934	4.12e-22	101	334	98533439	78
AAS91212.1	SUPER_1	36.637	333	167	4	196	485	62876852	62875857	8.39e-51	199	871	98533439	72
AAS91212.1	SUPER_1	44.324	185	87	3	524	692	62875314	62874760	5.60e-34	146	871	98533439	72
AAS91212.1	SUPER_1	49.485	97	47	2	690	784	62873224	62872934	6.17e-20	100	871	98533439	72
AAS91212.1	SUPER_1	49.315	73	36	1	799	871	62872560	62872345	2.49e-08	62.8	871	98533439	72
OAO93725.1	SUPER_1	46.486	185	92	1	765	942	62875314	62874760	1.27e-46	188	1123	98533439	61
OAO93725.1	SUPER_1	33.602	372	193	7	447	764	62876852	62875737	1.64e-46	188	1123	98533439	61
OAO93725.1	SUPER_1	48.980	98	50	0	940	1037	62873224	62872931	1.66e-22	109	1123	98533439	61
OAO93725.1	SUPER_1	33.673	98	63	2	7	102	62891730	62891437	1.53e-06	57.4	1123	98533439	61
AJN91135.1	SUPER_1	42.593	54	31	0	518	571	62876837	62876676	1.09e-05	53.1	620	98533439	9
AJN91134.1	SUPER_1	42.593	54	31	0	517	570	62876837	62876676	1.16e-05	53.1	619	98533439	9
AJN91133.1	SUPER_1	32.319	263	154	3	23	285	62876549	62875833	2.59e-34	145	676	98533439	80
AJN91133.1	SUPER_1	37.745	204	108	5	315	517	62875317	62874760	4.92e-30	132	676	98533439	80
AJN91133.1	SUPER_1	46.154	78	42	0	515	592	62873224	62872991	1.07e-14	82.8	676	98533439	80
ACH81295.1	SUPER_1	32.861	353	189	6	402	726	62876837	62875839	1.32e-49	198	1122	98533439	52
ACH81295.1	SUPER_1	41.341	179	90	2	747	910	62875296	62874760	9.39e-29	130	1122	98533439	52
ACH81295.1	SUPER_1	44.898	98	54	0	908	1005	62873224	62872931	3.22e-18	95.9	1122	98533439	52
ACG63772.1	SUPER_1	46.115	399	195	6	427	812	62876993	62875818	5.37e-91	328	1204	98533439	70
ACG63772.1	SUPER_1	50.794	189	89	2	835	1023	62875314	62874760	9.54e-44	179	1204	98533439	70
ACG63772.1	SUPER_1	53.684	95	44	0	1021	1115	62873224	62872940	1.24e-23	113	1204	98533439	70
ACG63772.1	SUPER_1	37.963	108	47	5	5	102	62891730	62891437	1.27e-07	60.8	1204	98533439	70
ACG63772.1	SUPER_1	56.757	74	31	1	1131	1204	62872563	62872345	4.09e-06	55.8	1204	98533439	70
ACH81294.1	SUPER_1	42.711	391	189	4	405	764	62876897	62875737	3.05e-80	294	1128	98533439	63
ACH81294.1	SUPER_1	53.684	190	76	2	765	947	62875314	62874760	2.81e-48	193	1128	98533439	63
ACH81294.1	SUPER_1	54.639	97	44	0	945	1041	62873224	62872934	4.03e-26	121	1128	98533439	63
ACH81294.1	SUPER_1	57.971	69	28	1	1060	1128	62872548	62872345	6.91e-06	55.1	1128	98533439	63
AFJ00034.1	SUPER_1	48.536	239	120	1	1	236	62876519	62875803	6.22e-64	225	381	98533439	94
AFJ00034.1	SUPER_1	47.656	128	52	3	260	381	62875314	62874958	1.39e-20	98.2	381	98533439	94
AFJ00033.1	SUPER_1	37.624	101	53	4	7	101	62891727	62891437	5.57e-11	65.5	213	98533439	45
AFJ00032.1	SUPER_1	46.411	209	83	1	326	505	62876861	62876235	1.25e-49	187	511	98533439	42
AFJ00032.1	SUPER_1	57.143	35	15	0	239	273	62879734	62879630	2.88e-05	51.6	511	98533439	42
AFG16841.1	SUPER_1	50.633	79	31	2	244	315	62876930	62876697	5.98e-14	76.6	315	98533439	23
AFG16840.1	SUPER_1	42.812	313	147	2	1	281	62876741	62875803	2.72e-67	244	673	98533439	94
AFG16840.1	SUPER_1	52.660	188	86	1	305	492	62875314	62874760	4.52e-46	181	673	98533439	94
AFG16840.1	SUPER_1	54.737	95	43	0	490	584	62873224	62872940	2.16e-27	123	673	98533439	94
AFG16840.1	SUPER_1	53.425	73	33	1	601	673	62872560	62872345	3.31e-07	58.5	673	98533439	94
AFG16839.1	SUPER_1	53.488	172	65	3	1	166	62875248	62874760	5.71e-41	157	347	98533439	95
AFG16839.1	SUPER_1	54.737	95	43	0	164	258	62873224	62872940	1.03e-28	121	347	98533439	95
AFG16839.1	SUPER_1	53.425	73	33	1	275	347	62872560	62872345	1.08e-07	58.2	347	98533439	95
AEB33870.1	SUPER_1	43.770	313	144	2	1	281	62876741	62875803	2.73e-70	253	673	98533439	94
AEB33870.1	SUPER_1	51.546	194	79	3	305	492	62875314	62874760	4.42e-45	178	673	98533439	94
AEB33870.1	SUPER_1	54.737	95	43	0	490	584	62873224	62872940	2.52e-27	123	673	98533439	94
AEB33870.1	SUPER_1	53.425	73	33	1	601	673	62872560	62872345	1.49e-06	56.2	673	98533439	94
AEB33869.1	SUPER_1	44.351	239	96	3	335	537	62876930	62876217	6.98e-52	195	537	98533439	38
AEB33868.1	SUPER_1	37.624	101	53	4	7	101	62891727	62891437	2.28e-11	65.5	181	98533439	52
AEA72244.1	SUPER_1	44.193	353	165	2	328	648	62876861	62875803	1.29e-82	290	668	98533439	66
AEA72244.1	SUPER_1	57.143	35	15	0	241	275	62879734	62879630	3.03e-05	52.0	668	98533439	66
AEA72244.1	SUPER_1	41.463	41	24	0	154	194	62882374	62882252	7.42e-05	42.0	668	98533439	66
AEA72244.1	SUPER_1	35.417	48	31	0	193	240	62882144	62882001	7.42e-05	27.7	668	98533439	66
AEA72243.1	SUPER_1	42.812	313	147	2	1	281	62876741	62875803	2.82e-72	246	321	98533439	88
AEA72242.1	SUPER_1	42.492	313	148	2	1	281	62876741	62875803	9.20e-68	243	559	98533439	94
AEA72242.1	SUPER_1	53.684	95	44	0	376	470	62873224	62872940	1.37e-26	119	559	98533439	94
AEA72242.1	SUPER_1	57.692	78	33	0	301	378	62874993	62874760	1.00e-19	98.2	559	98533439	94
AEA72242.1	SUPER_1	53.425	73	33	1	487	559	62872560	62872345	1.86e-07	58.9	559	98533439	94
AEA72241.1	SUPER_1	42.812	313	147	2	1	281	62876741	62875803	1.03e-68	245	557	98533439	93
AEA72241.1	SUPER_1	54.737	95	43	0	374	468	62873224	62872940	8.54e-28	123	557	98533439	93
AEA72241.1	SUPER_1	58.108	74	31	0	303	376	62874981	62874760	9.83e-19	95.1	557	98533439	93
AEA72241.1	SUPER_1	53.425	73	33	1	485	557	62872560	62872345	2.78e-07	58.2	557	98533439	93
AEA72240.1	SUPER_1	42.812	313	147	2	1	281	62876741	62875803	8.21e-68	246	673	98533439	94
AEA72240.1	SUPER_1	51.596	188	88	1	305	492	62875314	62874760	2.00e-44	176	673	98533439	94
AEA72240.1	SUPER_1	53.684	95	44	0	490	584	62873224	62872940	2.05e-26	120	673	98533439	94
AEA72240.1	SUPER_1	53.425	73	33	1	601	673	62872560	62872345	1.54e-07	59.7	673	98533439	94
AEA72239.1	SUPER_1	43.770	313	144	2	1	281	62876741	62875803	3.23e-70	253	673	98533439	94
AEA72239.1	SUPER_1	51.546	194	79	3	305	492	62875314	62874760	4.67e-45	178	673	98533439	94
AEA72239.1	SUPER_1	52.632	95	45	0	490	584	62873224	62872940	2.21e-25	117	673	98533439	94
AEA72239.1	SUPER_1	53.425	73	33	1	601	673	62872560	62872345	1.44e-06	56.2	673	98533439	94
AEA72235.1	SUPER_1	44.089	313	143	2	1	281	62876741	62875803	1.21e-70	254	673	98533439	94
AEA72235.1	SUPER_1	51.031	194	80	3	305	492	62875314	62874760	1.46e-44	176	673	98533439	94
AEA72235.1	SUPER_1	54.737	95	43	0	490	584	62873224	62872940	2.93e-27	123	673	98533439	94
AEA72235.1	SUPER_1	53.425	73	33	1	601	673	62872560	62872345	1.54e-06	56.2	673	98533439	94
AEA72234.1	SUPER_1	37.624	101	53	4	7	101	62891727	62891437	5.57e-11	65.5	213	98533439	45
AAX21528.1	SUPER_1	36.637	333	167	4	513	802	62876852	62875857	2.51e-50	201	1188	98533439	53
AAX21528.1	SUPER_1	44.324	185	87	2	841	1009	62875314	62874760	6.13e-30	134	1188	98533439	53
AAX21528.1	SUPER_1	49.485	97	47	2	1007	1101	62873224	62872934	1.06e-19	100	1188	98533439	53
AAX21528.1	SUPER_1	49.315	73	36	1	1116	1188	62872560	62872345	2.66e-08	63.2	1188	98533439	53
AAX21527.1	SUPER_1	36.637	333	167	4	513	802	62876852	62875857	2.51e-50	201	1188	98533439	53
AAX21527.1	SUPER_1	44.324	185	87	2	841	1009	62875314	62874760	3.90e-36	154	1188	98533439	53
AAX21527.1	SUPER_1	49.485	97	47	2	1007	1101	62873224	62872934	8.60e-20	100	1188	98533439	53
AAX21527.1	SUPER_1	49.315	73	36	1	1116	1188	62872560	62872345	2.51e-08	63.2	1188	98533439	53
AAM21641.1	SUPER_1	34.722	360	184	6	578	888	62876870	62875797	1.95e-49	198	1261	98533439	49
AAM21641.1	SUPER_1	44.186	215	101	4	912	1107	62875314	62874670	2.74e-33	145	1261	98533439	49
AAM21641.1	SUPER_1	65.909	44	15	0	1110	1153	62873131	62873000	3.54e-11	72.8	1261	98533439	49
AAM21641.1	SUPER_1	53.623	69	31	1	1193	1261	62872548	62872345	2.07e-07	60.5	1261	98533439	49
AAD54777.1	SUPER_1	46.486	185	92	1	765	942	62875314	62874760	1.27e-46	188	1123	98533439	61
AAD54777.1	SUPER_1	33.602	372	193	7	447	764	62876852	62875737	1.64e-46	188	1123	98533439	61
AAD54777.1	SUPER_1	48.980	98	50	0	940	1037	62873224	62872931	1.66e-22	109	1123	98533439	61
AAD54777.1	SUPER_1	33.673	98	63	2	7	102	62891730	62891437	1.53e-06	57.4	1123	98533439	61
CAC01849.1	SUPER_1	46.486	185	92	1	765	942	62875314	62874760	1.27e-46	188	1123	98533439	61
CAC01849.1	SUPER_1	33.602	372	193	7	447	764	62876852	62875737	1.64e-46	188	1123	98533439	61
CAC01849.1	SUPER_1	48.980	98	50	0	940	1037	62873224	62872931	1.66e-22	109	1123	98533439	61
CAC01849.1	SUPER_1	33.673	98	63	2	7	102	62891730	62891437	1.53e-06	57.4	1123	98533439	61
TERT_Arceuthobium_sichuanense_exon9	SUPER_1	54.955	111	46	1	24	130	62876585	62876253	2.33e-34	129	130	98533439	82
TERT_Santalum_album_chr1locus	SUPER_1	43.103	406	215	6	2	398	62876933	62875737	2.43e-91	305	399	98533439	99
