NP_001105870.1	SUPER_12	34.684	617	296	9	481	1010	33969864	33968074	5.82e-92	331	1188	46018323	60
NP_001105870.1	SUPER_12	40.984	122	66	3	1071	1188	33967239	33966880	2.70e-16	89.4	1188	46018323	60
NP_001105870.1	SUPER_12	47.312	93	47	2	1009	1099	33967490	33967212	1.84e-15	86.7	1188	46018323	60
sp|Q8LKW0.2|TERT_ORYSJ	SUPER_12	34.701	585	277	10	582	1081	33969768	33968074	6.61e-86	313	1259	46018323	54
sp|Q8LKW0.2|TERT_ORYSJ	SUPER_12	45.652	92	48	1	1168	1259	33967149	33966880	2.21e-34	87.0	1259	46018323	54
sp|Q8LKW0.2|TERT_ORYSJ	SUPER_12	48.387	93	46	2	1080	1170	33967490	33967212	2.21e-34	84.0	1259	46018323	54
sp|Q9SPU7.1|TERT_ARATH	SUPER_12	33.220	590	296	8	447	954	33969762	33968041	1.32e-90	325	1123	46018323	69
sp|Q9SPU7.1|TERT_ARATH	SUPER_12	45.161	93	51	0	942	1034	33967490	33967212	8.58e-27	84.0	1123	46018323	69
sp|Q9SPU7.1|TERT_ARATH	SUPER_12	45.055	91	48	1	1033	1123	33967146	33966880	8.58e-27	61.2	1123	46018323	69
sp|Q9SPU7.1|TERT_ARATH	SUPER_12	48.544	103	50	2	1	101	33976069	33975764	6.77e-14	81.3	1123	46018323	69
XP_016496114.1	SUPER_12	47.892	593	262	7	493	1048	33969822	33968074	4.20e-157	526	1228	46018323	68
XP_016496114.1	SUPER_12	61.290	93	36	0	1047	1139	33967490	33967212	3.82e-41	108	1228	46018323	68
XP_016496114.1	SUPER_12	50.000	92	44	1	1137	1228	33967149	33966880	3.82e-41	84.7	1228	46018323	68
XP_016496114.1	SUPER_12	46.602	103	51	3	1	100	33976069	33975764	1.16e-16	90.5	1228	46018323	68
XP_070031847.1	SUPER_12	47.826	598	258	10	445	1000	33969831	33968074	1.28e-157	526	1180	46018323	71
XP_070031847.1	SUPER_12	61.290	93	36	0	999	1091	33967490	33967212	8.64e-40	109	1180	46018323	71
XP_070031847.1	SUPER_12	46.739	92	47	1	1089	1180	33967149	33966880	8.64e-40	79.3	1180	46018323	71
XP_070031847.1	SUPER_12	44.660	103	53	3	1	100	33976069	33975764	1.01e-15	87.4	1180	46018323	71
XP_033514372.1	SUPER_12	47.826	598	258	10	281	836	33969831	33968074	3.67e-160	528	1016	46018323	72
XP_033514372.1	SUPER_12	61.290	93	36	0	835	927	33967490	33967212	3.31e-40	110	1016	46018323	72
XP_033514372.1	SUPER_12	46.739	92	47	1	925	1016	33967149	33966880	3.31e-40	79.7	1016	46018323	72
XP_009765715.1	SUPER_12	46.990	598	260	7	305	860	33969822	33968074	4.23e-160	529	1040	46018323	71
XP_009765715.1	SUPER_12	60.215	93	37	0	859	951	33967490	33967212	8.34e-41	107	1040	46018323	71
XP_009765715.1	SUPER_12	50.000	92	44	1	949	1040	33967149	33966880	8.34e-41	85.1	1040	46018323	71
XP_009765713.1	SUPER_12	46.990	598	260	7	336	891	33969822	33968074	8.80e-160	529	1071	46018323	69
XP_009765713.1	SUPER_12	60.215	93	37	0	890	982	33967490	33967212	6.19e-41	107	1071	46018323	69
XP_009765713.1	SUPER_12	50.000	92	44	1	980	1071	33967149	33966880	6.19e-41	85.5	1071	46018323	69
XP_009765710.1	SUPER_12	46.990	598	260	7	524	1079	33969822	33968074	1.11e-157	529	1259	46018323	66
XP_009765710.1	SUPER_12	60.215	93	37	0	1078	1170	33967490	33967212	1.57e-40	106	1259	46018323	66
XP_009765710.1	SUPER_12	50.000	92	44	1	1168	1259	33967149	33966880	1.57e-40	85.1	1259	46018323	66
XP_009765710.1	SUPER_12	46.602	103	51	3	1	100	33976069	33975764	1.33e-16	90.5	1259	46018323	66
XP_009612033.1	SUPER_12	47.826	598	258	10	250	805	33969831	33968074	6.57e-160	526	985	46018323	75
XP_009612033.1	SUPER_12	61.290	93	36	0	804	896	33967490	33967212	4.34e-40	110	985	46018323	75
XP_009612033.1	SUPER_12	46.739	92	47	1	894	985	33967149	33966880	4.34e-40	79.3	985	46018323	75
XP_009612032.1	SUPER_12	47.826	598	258	10	255	810	33969831	33968074	7.58e-160	526	990	46018323	74
XP_009612032.1	SUPER_12	61.290	93	36	0	809	901	33967490	33967212	5.10e-40	110	990	46018323	74
XP_009612032.1	SUPER_12	46.739	92	47	1	899	990	33967149	33966880	5.10e-40	79.3	990	46018323	74
XP_009612029.1	SUPER_12	47.826	598	258	10	469	1024	33969831	33968074	2.38e-157	526	1204	46018323	69
XP_009612029.1	SUPER_12	61.290	93	36	0	1023	1115	33967490	33967212	7.62e-40	109	1204	46018323	69
XP_009612029.1	SUPER_12	46.739	92	47	1	1113	1204	33967149	33966880	7.62e-40	79.3	1204	46018323	69
XP_009612029.1	SUPER_12	44.660	103	53	3	1	100	33976069	33975764	9.98e-16	87.4	1204	46018323	69
XP_066162081.1	SUPER_12	34.701	585	277	10	463	962	33969768	33968074	8.97e-87	314	1140	46018323	59
XP_066162081.1	SUPER_12	45.652	92	48	1	1049	1140	33967149	33966880	8.34e-35	87.0	1140	46018323	59
XP_066162081.1	SUPER_12	48.387	93	46	2	961	1051	33967490	33967212	8.34e-35	85.1	1140	46018323	59
XP_015620288.1	SUPER_12	34.635	589	280	10	582	1085	33969768	33968062	6.35e-86	312	1170	46018323	50
XP_015620288.1	SUPER_12	45.055	91	48	1	1080	1170	33967146	33966880	6.92e-15	84.7	1170	46018323	50
NP_001410391.1	SUPER_12	34.701	585	277	10	582	1081	33969768	33968074	6.61e-86	313	1259	46018323	54
NP_001410391.1	SUPER_12	45.652	92	48	1	1168	1259	33967149	33966880	2.21e-34	87.0	1259	46018323	54
NP_001410391.1	SUPER_12	48.387	93	46	2	1080	1170	33967490	33967212	2.21e-34	84.0	1259	46018323	54
ANM68364.1	SUPER_12	33.677	582	288	8	447	946	33969762	33968065	2.08e-91	324	966	46018323	62
ANM68364.1	SUPER_12	48.544	103	50	2	1	101	33976069	33975764	7.88e-14	80.9	966	46018323	62
AED92349.1	SUPER_12	33.220	590	296	8	447	954	33969762	33968041	1.32e-90	325	1123	46018323	69
AED92349.1	SUPER_12	45.161	93	51	0	942	1034	33967490	33967212	8.58e-27	84.0	1123	46018323	69
AED92349.1	SUPER_12	45.055	91	48	1	1033	1123	33967146	33966880	8.58e-27	61.2	1123	46018323	69
AED92349.1	SUPER_12	48.544	103	50	2	1	101	33976069	33975764	6.77e-14	81.3	1123	46018323	69
XP_024452488.2	SUPER_12	43.987	632	288	6	249	846	33969864	33968065	2.02e-145	485	1023	46018323	76
XP_024452488.2	SUPER_12	56.989	93	40	0	842	934	33967490	33967212	2.25e-32	105	1023	46018323	76
XP_024452488.2	SUPER_12	50.000	92	44	1	932	1023	33967149	33966880	2.25e-32	58.9	1023	46018323	76
XP_024452486.2	SUPER_12	43.987	632	288	6	445	1042	33969864	33968065	1.18e-143	486	1219	46018323	75
XP_024452486.2	SUPER_12	56.989	93	40	0	1038	1130	33967490	33967212	1.80e-32	105	1219	46018323	75
XP_024452486.2	SUPER_12	50.000	92	44	1	1128	1219	33967149	33966880	1.80e-32	59.3	1219	46018323	75
XP_024452486.2	SUPER_12	37.864	103	37	4	1	80	33976069	33975773	3.57e-09	65.9	1219	46018323	75
XP_024452486.2	SUPER_12	65.714	35	12	0	131	165	33974099	33973995	1.15e-08	54.7	1219	46018323	75
XP_024452486.2	SUPER_12	53.333	30	12	1	111	138	33974250	33974161	1.15e-08	29.3	1219	46018323	75
XP_024452485.2	SUPER_12	43.987	632	288	6	447	1044	33969864	33968065	1.24e-143	486	1221	46018323	75
XP_024452485.2	SUPER_12	56.989	93	40	0	1040	1132	33967490	33967212	1.76e-32	105	1221	46018323	75
XP_024452485.2	SUPER_12	50.000	92	44	1	1130	1221	33967149	33966880	1.76e-32	59.3	1221	46018323	75
XP_024452485.2	SUPER_12	37.864	103	37	4	1	80	33976069	33975773	3.58e-09	65.9	1221	46018323	75
XP_024452485.2	SUPER_12	65.714	35	12	0	131	165	33974099	33973995	1.16e-08	54.7	1221	46018323	75
XP_024452485.2	SUPER_12	53.333	30	12	1	111	138	33974250	33974161	1.16e-08	29.3	1221	46018323	75
XP_052138365.1	SUPER_12	34.872	585	276	10	65	564	33969768	33968074	1.65e-90	315	742	46018323	91
XP_052138365.1	SUPER_12	48.387	93	46	2	563	653	33967490	33967212	2.80e-33	84.0	742	46018323	91
XP_052138365.1	SUPER_12	45.652	92	48	1	651	742	33967149	33966880	2.80e-33	82.4	742	46018323	91
XP_052138362.1	SUPER_12	34.872	585	276	10	73	572	33969768	33968074	1.95e-90	315	750	46018323	90
XP_052138362.1	SUPER_12	48.387	93	46	2	571	661	33967490	33967212	3.03e-33	84.0	750	46018323	90
XP_052138362.1	SUPER_12	45.652	92	48	1	659	750	33967149	33966880	3.03e-33	82.4	750	46018323	90
XP_052138361.1	SUPER_12	34.872	585	276	10	252	751	33969768	33968074	1.01e-89	318	929	46018323	73
XP_052138361.1	SUPER_12	48.387	93	46	2	750	840	33967490	33967212	2.28e-34	85.1	929	46018323	73
XP_052138361.1	SUPER_12	45.652	92	48	1	838	929	33967149	33966880	2.28e-34	85.1	929	46018323	73
XP_052138360.1	SUPER_12	34.872	585	276	10	415	914	33969768	33968074	1.06e-86	313	1092	46018323	62
XP_052138360.1	SUPER_12	45.652	92	48	1	1001	1092	33967149	33966880	1.01e-33	85.1	1092	46018323	62
XP_052138360.1	SUPER_12	48.387	93	46	2	913	1003	33967490	33967212	1.01e-33	83.6	1092	46018323	62
XP_052138359.1	SUPER_12	34.872	585	276	10	462	961	33969768	33968074	2.81e-87	316	1139	46018323	60
XP_052138359.1	SUPER_12	45.652	92	48	1	1048	1139	33967149	33966880	9.27e-35	86.7	1139	46018323	60
XP_052138359.1	SUPER_12	48.387	93	46	2	960	1050	33967490	33967212	9.27e-35	85.5	1139	46018323	60
XP_052138358.1	SUPER_12	34.805	589	279	10	581	1084	33969768	33968062	1.83e-86	314	1169	46018323	50
XP_052138358.1	SUPER_12	45.055	91	48	1	1079	1169	33967146	33966880	9.51e-15	84.3	1169	46018323	50
XP_052138357.1	SUPER_12	34.872	585	276	10	581	1080	33969768	33968074	2.23e-86	315	1258	46018323	54
XP_052138357.1	SUPER_12	45.652	92	48	1	1167	1258	33967149	33966880	2.48e-34	86.7	1258	46018323	54
XP_052138357.1	SUPER_12	48.387	93	46	2	1079	1169	33967490	33967212	2.48e-34	84.3	1258	46018323	54
KAI9397292.1	SUPER_12	43.987	632	288	6	445	1042	33969864	33968065	1.18e-143	486	1219	46018323	75
KAI9397292.1	SUPER_12	56.989	93	40	0	1038	1130	33967490	33967212	1.80e-32	105	1219	46018323	75
KAI9397292.1	SUPER_12	50.000	92	44	1	1128	1219	33967149	33966880	1.80e-32	59.3	1219	46018323	75
KAI9397292.1	SUPER_12	37.864	103	37	4	1	80	33976069	33975773	3.57e-09	65.9	1219	46018323	75
KAI9397292.1	SUPER_12	65.714	35	12	0	131	165	33974099	33973995	1.15e-08	54.7	1219	46018323	75
KAI9397292.1	SUPER_12	53.333	30	12	1	111	138	33974250	33974161	1.15e-08	29.3	1219	46018323	75
KAI9397291.1	SUPER_12	43.987	632	288	6	447	1044	33969864	33968065	1.24e-143	486	1221	46018323	75
KAI9397291.1	SUPER_12	56.989	93	40	0	1040	1132	33967490	33967212	1.76e-32	105	1221	46018323	75
KAI9397291.1	SUPER_12	50.000	92	44	1	1130	1221	33967149	33966880	1.76e-32	59.3	1221	46018323	75
KAI9397291.1	SUPER_12	37.864	103	37	4	1	80	33976069	33975773	3.58e-09	65.9	1221	46018323	75
KAI9397291.1	SUPER_12	65.714	35	12	0	131	165	33974099	33973995	1.16e-08	54.7	1221	46018323	75
KAI9397291.1	SUPER_12	53.333	30	12	1	111	138	33974250	33974161	1.16e-08	29.3	1221	46018323	75
NP_001330126.1	SUPER_12	33.677	582	288	8	447	946	33969762	33968065	2.08e-91	324	966	46018323	62
NP_001330126.1	SUPER_12	48.544	103	50	2	1	101	33976069	33975764	7.88e-14	80.9	966	46018323	62
NP_197187.1	SUPER_12	33.220	590	296	8	447	954	33969762	33968041	1.32e-90	325	1123	46018323	69
NP_197187.1	SUPER_12	45.161	93	51	0	942	1034	33967490	33967212	8.58e-27	84.0	1123	46018323	69
NP_197187.1	SUPER_12	45.055	91	48	1	1033	1123	33967146	33966880	8.58e-27	61.2	1123	46018323	69
NP_197187.1	SUPER_12	48.544	103	50	2	1	101	33976069	33975764	6.77e-14	81.3	1123	46018323	69
XP_020399449.1	SUPER_12	34.684	617	296	9	459	988	33969864	33968074	5.11e-92	331	1166	46018323	61
XP_020399449.1	SUPER_12	40.984	122	66	3	1049	1166	33967239	33966880	2.74e-16	89.4	1166	46018323	61
XP_020399449.1	SUPER_12	47.312	93	47	2	987	1077	33967490	33967212	1.88e-15	86.7	1166	46018323	61
VYS67061.1	SUPER_12	33.220	590	296	8	447	954	33969762	33968041	1.32e-90	325	1123	46018323	69
VYS67061.1	SUPER_12	45.161	93	51	0	942	1034	33967490	33967212	8.58e-27	84.0	1123	46018323	69
VYS67061.1	SUPER_12	45.055	91	48	1	1033	1123	33967146	33966880	8.58e-27	61.2	1123	46018323	69
VYS67061.1	SUPER_12	48.544	103	50	2	1	101	33976069	33975764	6.77e-14	81.3	1123	46018323	69
XP_028550950.1	SUPER_12	35.552	661	291	14	307	927	33969768	33968071	3.54e-103	363	1105	46018323	72
XP_028550950.1	SUPER_12	45.161	93	51	0	925	1017	33967490	33967212	2.65e-30	80.5	1105	46018323	72
XP_028550950.1	SUPER_12	42.391	92	50	2	1015	1105	33967149	33966880	2.65e-30	76.6	1105	46018323	72
XP_028550949.1	SUPER_12	35.552	661	291	14	402	1022	33969768	33968071	2.21e-103	366	1200	46018323	67
XP_028550949.1	SUPER_12	45.161	93	51	0	1020	1112	33967490	33967212	1.11e-30	80.5	1200	46018323	67
XP_028550949.1	SUPER_12	42.391	92	50	2	1110	1200	33967149	33966880	1.11e-30	77.8	1200	46018323	67
XP_020672270.2	SUPER_12	35.552	661	291	14	420	1040	33969768	33968071	4.02e-103	365	1218	46018323	66
XP_020672270.2	SUPER_12	45.161	93	51	0	1038	1130	33967490	33967212	1.13e-30	80.5	1218	46018323	66
XP_020672270.2	SUPER_12	42.391	92	50	2	1128	1218	33967149	33966880	1.13e-30	77.8	1218	46018323	66
XP_024531885.1	SUPER_12	32.762	583	312	13	296	824	33969744	33968074	1.23e-88	317	1000	46018323	62
XP_024531885.1	SUPER_12	44.086	93	52	0	823	915	33967490	33967212	4.61e-13	78.6	1000	46018323	62
XP_024531884.1	SUPER_12	32.762	583	312	13	312	840	33969744	33968074	1.75e-88	317	1016	46018323	61
XP_024531884.1	SUPER_12	44.086	93	52	0	839	931	33967490	33967212	4.52e-13	78.6	1016	46018323	61
XP_024531883.1	SUPER_12	32.762	583	312	13	312	840	33969744	33968074	1.75e-88	317	1016	46018323	61
XP_024531883.1	SUPER_12	44.086	93	52	0	839	931	33967490	33967212	4.52e-13	78.6	1016	46018323	61
XP_024376607.1	SUPER_12	30.240	625	338	12	531	1124	33969747	33968074	4.82e-81	299	1301	46018323	57
XP_024376607.1	SUPER_12	36.559	93	59	0	1123	1215	33967490	33967212	4.36e-15	68.6	1301	46018323	57
XP_024376607.1	SUPER_12	32.759	58	37	1	1215	1270	33967143	33966970	4.36e-15	37.4	1301	46018323	57
XP_024376598.1	SUPER_12	30.240	625	338	12	532	1125	33969747	33968074	4.41e-81	299	1302	46018323	57
XP_024376598.1	SUPER_12	36.559	93	59	0	1124	1216	33967490	33967212	3.89e-15	68.6	1302	46018323	57
XP_024376598.1	SUPER_12	32.759	58	37	1	1216	1271	33967143	33966970	3.89e-15	37.7	1302	46018323	57
XP_024376588.1	SUPER_12	30.240	625	338	12	536	1129	33969747	33968074	4.97e-81	299	1306	46018323	57
XP_024376588.1	SUPER_12	36.559	93	59	0	1128	1220	33967490	33967212	4.71e-15	68.6	1306	46018323	57
XP_024376588.1	SUPER_12	32.759	58	37	1	1220	1275	33967143	33966970	4.71e-15	37.4	1306	46018323	57
XP_024376582.1	SUPER_12	30.240	625	338	12	537	1130	33969747	33968074	4.80e-81	299	1307	46018323	57
XP_024376582.1	SUPER_12	36.559	93	59	0	1129	1221	33967490	33967212	4.14e-15	68.6	1307	46018323	57
XP_024376582.1	SUPER_12	32.759	58	37	1	1221	1276	33967143	33966970	4.14e-15	37.4	1307	46018323	57
XP_024376576.1	SUPER_12	30.240	625	338	12	552	1145	33969747	33968074	5.51e-81	299	1322	46018323	56
XP_024376576.1	SUPER_12	36.559	93	59	0	1144	1236	33967490	33967212	4.19e-15	68.2	1322	46018323	56
XP_024376576.1	SUPER_12	32.759	58	37	1	1236	1291	33967143	33966970	4.19e-15	37.7	1322	46018323	56
XP_024376567.1	SUPER_12	30.240	625	338	12	558	1151	33969747	33968074	5.82e-81	299	1328	46018323	56
XP_024376567.1	SUPER_12	36.559	93	59	0	1150	1242	33967490	33967212	4.04e-15	68.6	1328	46018323	56
XP_024376567.1	SUPER_12	32.759	58	37	1	1242	1297	33967143	33966970	4.04e-15	37.7	1328	46018323	56
XP_024376557.1	SUPER_12	30.240	625	338	12	562	1155	33969747	33968074	6.30e-81	299	1332	46018323	56
XP_024376557.1	SUPER_12	36.559	93	59	0	1154	1246	33967490	33967212	4.33e-15	68.2	1332	46018323	56
XP_024376557.1	SUPER_12	32.759	58	37	1	1246	1301	33967143	33966970	4.33e-15	37.7	1332	46018323	56
XP_024376548.1	SUPER_12	30.240	625	338	12	563	1156	33969747	33968074	6.47e-81	299	1333	46018323	56
XP_024376548.1	SUPER_12	36.559	93	59	0	1155	1247	33967490	33967212	4.30e-15	68.2	1333	46018323	56
XP_024376548.1	SUPER_12	32.759	58	37	1	1247	1302	33967143	33966970	4.30e-15	37.7	1333	46018323	56
PKU78836.1	SUPER_12	37.132	272	148	6	50	313	33969537	33968767	9.83e-50	183	363	46018323	73
XP_021912651.1	SUPER_12	44.983	598	266	7	174	737	33969762	33968056	7.84e-144	478	932	46018323	74
XP_021912651.1	SUPER_12	54.839	93	42	0	730	822	33967490	33967212	2.74e-26	103	932	46018323	74
XP_021912651.1	SUPER_12	46.809	47	23	1	821	867	33967146	33967012	2.74e-26	40.0	932	46018323	74
XP_021912650.1	SUPER_12	44.983	598	266	7	395	958	33969762	33968056	3.69e-142	480	1153	46018323	74
XP_021912650.1	SUPER_12	54.839	93	42	0	951	1043	33967490	33967212	3.48e-26	103	1153	46018323	74
XP_021912650.1	SUPER_12	46.809	47	23	1	1042	1088	33967146	33967012	3.48e-26	40.0	1153	46018323	74
XP_021912650.1	SUPER_12	48.000	100	50	2	3	101	33976060	33975764	2.25e-13	79.7	1153	46018323	74
XP_021912650.1	SUPER_12	61.111	36	14	0	148	183	33974099	33973992	6.00e-07	50.4	1153	46018323	74
XP_021912650.1	SUPER_12	66.667	21	7	0	128	148	33974250	33974188	6.00e-07	27.3	1153	46018323	74
AQL06529.1	SUPER_12	34.684	617	296	9	28	557	33969864	33968074	1.43e-95	330	735	46018323	96
AQL06529.1	SUPER_12	47.312	93	47	2	556	646	33967490	33967212	8.75e-16	86.7	735	46018323	96
AQL06529.1	SUPER_12	40.984	122	66	3	618	735	33967239	33966880	2.01e-15	85.5	735	46018323	96
AQL06528.1	SUPER_12	33.494	621	286	10	59	572	33969864	33968062	4.51e-88	305	657	46018323	91
AQL06528.1	SUPER_12	45.055	91	48	1	567	657	33967146	33966880	4.27e-15	84.0	657	46018323	91
AQL06526.1	SUPER_12	34.684	617	296	9	459	988	33969864	33968074	5.11e-92	331	1166	46018323	61
AQL06526.1	SUPER_12	40.984	122	66	3	1049	1166	33967239	33966880	2.74e-16	89.4	1166	46018323	61
AQL06526.1	SUPER_12	47.312	93	47	2	987	1077	33967490	33967212	1.88e-15	86.7	1166	46018323	61
AQL06525.1	SUPER_12	34.684	617	296	9	318	847	33969864	33968074	4.77e-92	328	1025	46018323	69
AQL06525.1	SUPER_12	40.984	122	66	3	908	1025	33967239	33966880	9.48e-16	87.4	1025	46018323	69
AQL06525.1	SUPER_12	47.312	93	47	2	846	936	33967490	33967212	2.59e-15	85.9	1025	46018323	69
AQL06524.1	SUPER_12	33.494	621	286	10	59	572	33969864	33968062	4.51e-88	305	657	46018323	91
AQL06524.1	SUPER_12	45.055	91	48	1	567	657	33967146	33966880	4.27e-15	84.0	657	46018323	91
AQL06523.1	SUPER_12	34.684	617	296	9	454	983	33969864	33968074	3.94e-92	331	1161	46018323	61
AQL06523.1	SUPER_12	40.984	122	66	3	1044	1161	33967239	33966880	3.39e-16	89.0	1161	46018323	61
AQL06523.1	SUPER_12	47.312	93	47	2	982	1072	33967490	33967212	1.82e-15	86.7	1161	46018323	61
AQL06522.1	SUPER_12	34.684	617	296	9	481	1010	33969864	33968074	5.82e-92	331	1188	46018323	60
AQL06522.1	SUPER_12	40.984	122	66	3	1071	1188	33967239	33966880	2.70e-16	89.4	1188	46018323	60
AQL06522.1	SUPER_12	47.312	93	47	2	1009	1099	33967490	33967212	1.84e-15	86.7	1188	46018323	60
AQL06521.1	SUPER_12	33.494	621	286	10	59	572	33969864	33968062	4.51e-88	305	657	46018323	91
AQL06521.1	SUPER_12	45.055	91	48	1	567	657	33967146	33966880	4.27e-15	84.0	657	46018323	91
AQL06520.1	SUPER_12	34.684	617	296	9	476	1005	33969864	33968074	5.07e-92	331	1183	46018323	60
AQL06520.1	SUPER_12	40.984	122	66	3	1066	1183	33967239	33966880	2.66e-16	89.4	1183	46018323	60
AQL06520.1	SUPER_12	47.312	93	47	2	1004	1094	33967490	33967212	1.69e-15	86.7	1183	46018323	60
AQL06519.1	SUPER_12	34.684	617	296	9	28	557	33969864	33968074	1.43e-95	330	735	46018323	96
AQL06519.1	SUPER_12	47.312	93	47	2	556	646	33967490	33967212	8.75e-16	86.7	735	46018323	96
AQL06519.1	SUPER_12	40.984	122	66	3	618	735	33967239	33966880	2.01e-15	85.5	735	46018323	96
AQL06518.1	SUPER_12	33.494	621	286	10	59	572	33969864	33968062	4.51e-88	305	657	46018323	91
AQL06518.1	SUPER_12	45.055	91	48	1	567	657	33967146	33966880	4.27e-15	84.0	657	46018323	91
AAX21526.1	SUPER_12	45.026	191	86	2	11	182	33968646	33968074	1.76e-37	146	334	46018323	96
AAX21526.1	SUPER_12	47.312	93	47	2	181	271	33967490	33967212	7.97e-17	85.9	334	46018323	96
AAX21526.1	SUPER_12	40.217	92	49	3	243	330	33967239	33966970	8.37e-08	58.2	334	46018323	96
AAS91212.1	SUPER_12	33.655	621	297	10	164	693	33969864	33968074	1.50e-94	331	871	46018323	81
AAS91212.1	SUPER_12	40.984	122	66	3	754	871	33967239	33966880	1.13e-15	86.7	871	46018323	81
AAS91212.1	SUPER_12	47.312	93	47	2	692	782	33967490	33967212	1.97e-15	85.9	871	46018323	81
OAO93725.1	SUPER_12	33.220	590	296	8	447	954	33969762	33968041	1.32e-90	325	1123	46018323	69
OAO93725.1	SUPER_12	45.161	93	51	0	942	1034	33967490	33967212	8.58e-27	84.0	1123	46018323	69
OAO93725.1	SUPER_12	45.055	91	48	1	1033	1123	33967146	33966880	8.58e-27	61.2	1123	46018323	69
OAO93725.1	SUPER_12	48.544	103	50	2	1	101	33976069	33975764	6.77e-14	81.3	1123	46018323	69
AJN91133.1	SUPER_12	30.667	525	295	9	25	518	33969534	33968074	1.59e-77	275	676	46018323	95
AJN91133.1	SUPER_12	36.559	93	59	0	517	609	33967490	33967212	3.90e-15	67.8	676	46018323	95
AJN91133.1	SUPER_12	32.759	58	37	1	609	664	33967143	33966970	3.90e-15	37.4	676	46018323	95
ACH81295.1	SUPER_12	31.904	583	297	13	403	911	33969744	33968074	3.29e-84	306	1122	46018323	53
ACH81295.1	SUPER_12	44.086	93	52	0	910	1002	33967490	33967212	3.13e-13	79.3	1122	46018323	53
ACG63772.1	SUPER_12	44.983	598	266	7	467	1030	33969762	33968056	1.02e-142	483	1204	46018323	74
ACG63772.1	SUPER_12	54.839	93	42	0	1023	1115	33967490	33967212	3.58e-32	102	1204	46018323	74
ACG63772.1	SUPER_12	49.451	91	44	1	1114	1204	33967146	33966880	3.58e-32	60.8	1204	46018323	74
ACG63772.1	SUPER_12	48.000	100	50	2	3	101	33976060	33975764	2.33e-13	79.7	1204	46018323	74
ACG63772.1	SUPER_12	61.111	36	14	0	148	183	33974099	33973992	7.85e-07	49.3	1204	46018323	74
ACG63772.1	SUPER_12	66.667	21	7	0	128	148	33974250	33974188	7.85e-07	28.1	1204	46018323	74
ACH81294.1	SUPER_12	42.834	628	263	6	388	951	33969852	33968065	2.27e-137	465	1128	46018323	78
ACH81294.1	SUPER_12	56.989	93	40	0	947	1039	33967490	33967212	1.81e-32	105	1128	46018323	78
ACH81294.1	SUPER_12	50.000	92	44	1	1037	1128	33967149	33966880	1.81e-32	58.9	1128	46018323	78
ACH81294.1	SUPER_12	37.864	103	37	4	1	80	33976069	33975773	2.01e-09	66.6	1128	46018323	78
ACH81294.1	SUPER_12	62.857	35	13	0	131	165	33974099	33973995	3.15e-08	53.5	1128	46018323	78
ACH81294.1	SUPER_12	53.333	30	12	1	111	138	33974250	33974161	3.15e-08	28.9	1128	46018323	78
AFJ00034.1	SUPER_12	45.606	421	180	5	1	381	33969510	33968275	7.11e-107	348	381	46018323	100
AFJ00033.1	SUPER_12	46.602	103	51	3	1	100	33976069	33975764	7.20e-19	88.2	213	46018323	47
AFJ00032.1	SUPER_12	50.718	209	97	4	303	509	33969831	33969217	1.73e-60	219	511	46018323	41
AFJ00031.1	SUPER_12	57.143	35	15	0	47	81	33974099	33973995	9.70e-06	45.4	268	46018323	21
AFJ00031.1	SUPER_12	57.143	21	9	0	27	47	33974250	33974188	9.70e-06	25.4	268	46018323	21
AFG16841.1	SUPER_12	70.175	57	16	1	259	315	33969774	33969607	6.36e-17	85.5	315	46018323	18
AFG16840.1	SUPER_12	47.566	534	231	7	1	493	33969651	33968074	4.59e-142	462	673	46018323	100
AFG16840.1	SUPER_12	61.290	93	36	0	492	584	33967490	33967212	9.36e-40	111	673	46018323	100
AFG16840.1	SUPER_12	46.739	92	47	1	582	673	33967149	33966880	9.36e-40	76.6	673	46018323	100
AFG16839.1	SUPER_12	51.429	175	69	2	1	167	33968574	33968074	7.58e-45	168	347	46018323	100
AFG16839.1	SUPER_12	60.215	93	37	0	166	258	33967490	33967212	4.39e-41	107	347	46018323	100
AFG16839.1	SUPER_12	50.000	92	44	1	256	347	33967149	33966880	4.39e-41	84.0	347	46018323	100
AEB33870.1	SUPER_12	47.358	530	238	6	1	493	33969651	33968074	1.97e-142	464	673	46018323	100
AEB33870.1	SUPER_12	60.215	93	37	0	492	584	33967490	33967212	2.69e-40	108	673	46018323	100
AEB33870.1	SUPER_12	50.000	92	44	1	582	673	33967149	33966880	2.69e-40	81.6	673	46018323	100
AEB33869.1	SUPER_12	54.787	188	81	3	350	535	33969774	33969217	8.49e-60	218	537	46018323	35
AEB33868.1	SUPER_12	46.602	103	51	3	1	100	33976069	33975764	4.60e-19	87.8	181	46018323	55
AEA72244.1	SUPER_12	49.444	360	171	5	305	657	33969831	33968764	8.35e-103	348	668	46018323	53
AEA72243.1	SUPER_12	47.588	311	155	3	1	304	33969651	33968722	1.61e-86	287	321	46018323	95
AEA72242.1	SUPER_12	46.945	311	157	3	1	304	33969651	33968722	5.93e-83	287	559	46018323	100
AEA72242.1	SUPER_12	60.215	93	37	0	378	470	33967490	33967212	6.93e-39	108	559	46018323	100
AEA72242.1	SUPER_12	46.739	92	47	1	468	559	33967149	33966880	6.93e-39	76.6	559	46018323	100
AEA72242.1	SUPER_12	57.333	75	32	0	305	379	33968298	33968074	9.94e-21	101	559	46018323	100
AEA72241.1	SUPER_12	47.267	311	156	3	1	304	33969651	33968722	1.23e-83	289	557	46018323	100
AEA72241.1	SUPER_12	61.290	93	36	0	376	468	33967490	33967212	9.27e-40	111	557	46018323	100
AEA72241.1	SUPER_12	46.739	92	47	1	466	557	33967149	33966880	9.27e-40	75.9	557	46018323	100
AEA72241.1	SUPER_12	57.333	75	32	0	303	377	33968298	33968074	1.20e-20	100	557	46018323	100
AEA72240.1	SUPER_12	47.378	534	232	7	1	493	33969651	33968074	8.37e-141	459	673	46018323	100
AEA72240.1	SUPER_12	60.215	93	37	0	492	584	33967490	33967212	2.32e-39	108	673	46018323	100
AEA72240.1	SUPER_12	46.739	92	47	1	582	673	33967149	33966880	2.32e-39	77.8	673	46018323	100
AEA72239.1	SUPER_12	45.981	535	238	6	1	493	33969651	33968074	1.69e-141	461	673	46018323	100
AEA72239.1	SUPER_12	59.140	93	38	0	492	584	33967490	33967212	3.66e-39	103	673	46018323	100
AEA72239.1	SUPER_12	50.000	92	44	1	582	673	33967149	33966880	3.66e-39	82.0	673	46018323	100
AEA72235.1	SUPER_12	47.358	530	238	6	1	493	33969651	33968074	4.05e-142	462	673	46018323	100
AEA72235.1	SUPER_12	60.215	93	37	0	492	584	33967490	33967212	1.30e-39	107	673	46018323	100
AEA72235.1	SUPER_12	48.913	92	45	1	582	673	33967149	33966880	1.30e-39	79.7	673	46018323	100
AEA72234.1	SUPER_12	46.602	103	51	3	1	100	33976069	33975764	7.20e-19	88.2	213	46018323	47
AAX21528.1	SUPER_12	34.684	617	296	9	481	1010	33969864	33968074	5.82e-92	331	1188	46018323	60
AAX21528.1	SUPER_12	40.984	122	66	3	1071	1188	33967239	33966880	2.70e-16	89.4	1188	46018323	60
AAX21528.1	SUPER_12	47.312	93	47	2	1009	1099	33967490	33967212	1.84e-15	86.7	1188	46018323	60
AAX21527.1	SUPER_12	34.522	617	297	9	481	1010	33969864	33968074	5.37e-97	346	1188	46018323	60
AAX21527.1	SUPER_12	40.984	122	66	3	1071	1188	33967239	33966880	2.65e-16	89.4	1188	46018323	60
AAX21527.1	SUPER_12	47.312	93	47	2	1009	1099	33967490	33967212	1.81e-15	86.7	1188	46018323	60
AAM21641.1	SUPER_12	34.701	585	277	10	582	1081	33969768	33968074	6.47e-86	313	1261	46018323	52
AAM21641.1	SUPER_12	45.652	92	48	1	1170	1261	33967149	33966880	4.72e-28	87.0	1261	46018323	52
AAM21641.1	SUPER_12	51.562	64	30	1	1110	1172	33967403	33967212	4.72e-28	62.4	1261	46018323	52
AAD54777.1	SUPER_12	33.220	590	296	8	447	954	33969762	33968041	1.32e-90	325	1123	46018323	69
AAD54777.1	SUPER_12	45.161	93	51	0	942	1034	33967490	33967212	8.58e-27	84.0	1123	46018323	69
AAD54777.1	SUPER_12	45.055	91	48	1	1033	1123	33967146	33966880	8.58e-27	61.2	1123	46018323	69
AAD54777.1	SUPER_12	48.544	103	50	2	1	101	33976069	33975764	6.77e-14	81.3	1123	46018323	69
CAC01849.1	SUPER_12	33.220	590	296	8	447	954	33969762	33968041	1.32e-90	325	1123	46018323	69
CAC01849.1	SUPER_12	45.161	93	51	0	942	1034	33967490	33967212	8.58e-27	84.0	1123	46018323	69
CAC01849.1	SUPER_12	45.055	91	48	1	1033	1123	33967146	33966880	8.58e-27	61.2	1123	46018323	69
CAC01849.1	SUPER_12	48.544	103	50	2	1	101	33976069	33975764	6.77e-14	81.3	1123	46018323	69
