Hypericum_perforatum	OK	HAP2_SUPER_7	23-333	USE	CCAAAACAACTACATTTCCCACATCGGTTACGTTTGAAAACT	42	
Hypericum_perforatum	OK	HAP2_SUPER_7	23-333	TATA-box	AACTTAACTCCCTTTATAAGGTGAAAAATTCGAGAA	36	
Hypericum_perforatum	OK	HAP2_SUPER_7	23-333	G-rich 5' end	ACAACCCGGGGAGTGCGGAGGCGGGAGTTTCACATGAAGGCAAACCCT	48	
Hypericum_perforatum	OK	HAP2_SUPER_7	23-333	Template	GAAGGCAAACCCTAAACCCTAAGCTCTCCTTCCTAAAATGGAGATTGCATAAATCTTGAGAGGGGTGTTTTCCCGGCGTTT	81	revcomp(TTTAGGG) MATCH len=14 [canonical TTTAGGG]
Hypericum_perforatum	OK	HAP2_SUPER_7	23-333	Conserved region	GAGAGGGGTGTTTTCCCGGCGTTTCCCCCTAATTTGGTTTAAAAA	45	
Hypericum_perforatum	OK	HAP2_SUPER_7	23-333	C-rich 3' end	ATCCTCGCATCTCTACCGCCTCCCATTTTGTGATTTT	37	
