Pseudotaxiphyllum_elegans	OK	SUPER_8	83-220	G-rich 5' end	GAGGAGGCTAACCGTGGGTGTGGGCGAATTTGCAGGCACCCTTAAC	46	
Pseudotaxiphyllum_elegans	OK	SUPER_8	83-220	Template	TGCAGGCACCCTTAACCCTAAACCGATTTCATGTTCCCATGACATGCCGTTGCAAGGAGAGTTTTCCCAGTGGCT	75	revcomp(TTTAGGG) MATCH len=11 [canonical TTTAGGG]
Pseudotaxiphyllum_elegans	OK	SUPER_8	83-220	Conserved region	TTGCAAGGAGAGTTTTCCCAGTGGCTTACTCCTGAAACCAAAGC	44	
